7849	9592	10155	11449	11545	11813	12827	13080	13244	13285	13759	14506	14579	14588	14627	14747	14866	14933	14998	15086	15165	15592	15652	15720	15794	15827	15879	16225	16274	16463	16518	16759	17005	17045	17075	17102	17121	17167	17373	17460	17486	17502	18547	18642	18725	18803	18827	18849	18850	18879	18896
7966	9054	10027	10127	11472	12445	12478	12658	13600	13788	13956	14276	14465	14600	14665	15076	15147	15194	15255	15364	15449	15764	15817	15842	15906	16001	16102	16103	16134	16269	16347	16452	16482	16542	16605	16814	16862	16893	17233	17277	17294	17382	18447	18610	18635	18654	18669	18690	18729	18778	18896
7963	8774	9836	10631	10692	11038	11119	12402	12454	13411	13607	13721	14635	14703	14758	14898	14944	15181	15407	15478	15576	15611	15685	16771	16813	17139	17221	17339	17340	17673	17749	17775	17827	17873	17898	17926	17941	18025	18082	18114	18153	18188	18260	18302	18328	18448	18580	18597	18675	18739	18896
8265	8891	9822	10027	11395	11542	11708	11851	12315	12350	12427	12428	12504	12571	13577	13670	13787	14010	14050	14129	14186	14220	14587	14949	15041	15085	15977	16012	16028	16162	16263	16520	16549	16705	16730	16999	17091	17216	17247	17277	18342	18398	18426	18503	18583	18743	18751	18770	18796	18872	18896
7804	8615	8756	9892	10436	11010	12359	12420	12519	12571	12615	12846	13013	13156	13344	13418	13629	13657	13745	13779	13826	13875	13988	14392	15004	15077	15350	15409	15542	15575	16469	16517	16539	17607	17777	17808	17809	17833	17886	17934	17989	18111	18144	18167	18302	18351	18429	18747	18772	18852	18896
7796	8105	8740	9564	9606	10083	10740	10885	11127	11173	11707	11816	11817	11871	12570	12616	12685	12784	13821	13908	14002	14919	14973	15053	15082	15119	15184	15296	15345	15374	15473	15555	15664	15714	15851	16914	16936	16965	17053	17073	17152	18223	18284	18304	18326	18445	18453	18521	18848	18877	18896
7819	9137	10432	10942	11004	11272	11337	11393	11470	11526	11682	11751	11807	12040	12268	12551	12674	13158	13260	13650	13731	13781	13884	13914	14001	14322	14423	14424	14488	14513	14594	14782	14812	14848	14878	14907	15812	15833	15902	15918	16986	17326	17460	17502	17530	17560	17717	18779	18820	18867	18896
8207	8997	9303	9928	10495	11481	11521	11822	11999	12210	12427	12547	12617	13829	14791	14799	14878	15025	15063	15264	15288	15380	16276	16307	16365	16477	16531	16564	16597	16670	16702	16784	16841	16868	16869	16896	17241	17262	17307	17358	17377	17425	18493	18542	18622	18650	18693	18772	18792	18832	18896
8453	9262	9866	10041	10176	10331	10691	10770	10912	11391	11501	11895	11896	11986	12051	12100	12143	12186	12215	12363	12429	12460	12533	12569	13602	13656	13744	13779	13876	14049	14140	14181	14208	14230	14321	15228	15278	15348	15448	15473	15654	16000	16016	16340	16360	16389	16596	17651	17785	17834	18896
7963	8736	9344	10088	11168	11290	11373	11571	11694	11853	11930	11982	12063	12456	12541	12716	13885	13989	14472	15646	15741	15787	15826	15868	15899	16513	16580	16596	16698	16699	16875	16908	16969	17062	17280	17312	17340	17402	17468	17494	17563	17587	17665	17696	18504	18631	18654	18774	18798	18818	18896
